cveID,vendorProject,product,vulnerabilityName,dateAdded,shortDescription,requiredAction,dueDate,knownRansomwareCampaignUse,forensicTriage,notes,cwes
CVE-2017-7921,Hikvision,"Multiple Products","Hikvision Multiple Products Improper Authentication Vulnerability",2026-03-05,"Multiple Hikvision products contain an improper authentication vulnerability that could allow a malicious user to escalate privileges on the system and gain access to sensitive information.","Apply mitigations per vendor instructions, follow applicable BOD 22-01 guidance for cloud services, or discontinue use of the product if mitigations are unavailable.",2026-03-26,Unknown,No,"https://www.hikvision.com/us-en/support/document-center/special-notices/privilege-escalating-vulnerability-in-certain-hikvision-ip-cameras/ ; https://nvd.nist.gov/vuln/detail/CVE-2017-7921",CWE-287
