cveID,vendorProject,product,vulnerabilityName,dateAdded,shortDescription,requiredAction,dueDate,knownRansomwareCampaignUse,forensicTriage,notes,cwes
CVE-2024-57726,"SimpleHelp ",SimpleHelp,"SimpleHelp Missing Authorization Vulnerability",2026-04-24,"SimpleHelp contains a missing authorization vulnerability that could allow low-privileged technicians to create API keys with excessive permissions. These API keys can be used to escalate privileges to the server admin role.","Apply mitigations per vendor instructions, follow applicable BOD 22-01 guidance for cloud services, or discontinue use of the product if mitigations are unavailable.",2026-05-08,Known,No,"https://simple-help.com/kb---security-vulnerabilities-01-2025#security-vulnerabilities-in-simplehelp-5-5-7-and-earlier ; https://nvd.nist.gov/vuln/detail/CVE-2024-57726",CWE-862
